 391-06-30-03:45:47	20,8	19,7	21,4	20,1	21,6	21,4	21,2	20,7	SAMPLE
 391-06-30-03:46:17	20,7	19,7	21,2	20,1	21,5	21,3	21,1	20,7	SAMPLE
 391-06-30-03:46:47	20,6	19,7	20,8	20,1	21,4	21,3	21,0	20,7	SAMPLE
 391-06-30-03:47:17	20,4	19,7	20,5	20,1	21,4	21,3	21,0	20,7	SAMPLE
 391-06-30-03:47:47	20,4	19,7	20,5	20,0	21,3	21,2	21,0	20,7	SAMPLE
 391-06-30-03:48:18	20,4	19,6	20,5	20,0	21,3	21,2	21,0	20,6	SAMPLE
 391-06-30-03:48:48	20,4	19,7	20,5	20,0	21,3	21,2	21,0	20,6	SAMPLE
 391-06-30-03:49:18	20,5	19,7	20,6	20,0	21,4	21,1	21,1	20,5	SAMPLE
 391-06-30-03:49:48	20,6	19,6	20,7	20,0	21,4	21,0	21,1	20,6	SAMPLE
 391-06-30-03:50:18	20,6	19,6	20,7	19,9	21,5	21,0	21,2	20,5	SAMPLE
 391-06-30-03:50:48	20,7	19,7	20,8	20,0	21,5	20,9	21,2	20,5	SAMPLE
 391-06-30-03:51:18	20,8	19,6	20,9	20,0	21,6	21,0	21,3	20,5	SAMPLE
 391-06-30-03:51:48	20,8	19,7	21,0	19,9	21,6	20,9	21,4	20,5	SAMPLE
 391-06-30-03:52:18	20,9	19,7	21,1	19,9	21,6	20,9	21,4	20,5	SAMPLE
 391-06-30-03:52:48	21,0	19,7	21,2	19,9	21,7	20,9	21,4	20,5	SAMPLE
 391-06-30-03:53:18	21,0	19,7	21,1	19,9	21,9	20,8	21,5	20,5	SAMPLE
 391-06-30-03:53:48	21,1	19,7	21,2	19,9	21,9	20,8	21,5	20,5	SAMPLE
 391-06-30-03:54:18	21,2	19,8	21,2	19,9	21,9	20,8	21,5	20,5	SAMPLE
 391-06-30-03:54:48	21,2	19,7	21,4	19,9	22,0	20,8	21,6	20,5	SAMPLE
 391-06-30-03:55:19	21,2	19,7	21,4	19,9	22,0	20,8	21,6	20,5	SAMPLE
 391-06-30-03:55:49	21,3	19,8	21,4	19,9	22,0	20,8	21,6	20,5	SAMPLE
 391-06-30-03:56:19	21,4	19,8	21,4	19,9	22,1	20,8	21,6	20,5	SAMPLE
 391-06-30-03:56:49	21,5	19,8	21,5	20,0	22,1	20,8	21,7	20,5	SAMPLE
 391-06-30-03:57:19	21,5	19,9	21,6	19,9	22,2	20,8	21,8	20,5	SAMPLE
 391-06-30-03:57:49	21,6	19,9	21,6	20,0	22,3	20,8	21,7	20,5	SAMPLE
 391-06-30-03:58:19	21,6	19,9	21,6	20,0	22,3	20,8	21,8	20,5	SAMPLE
 391-06-30-03:58:49	21,6	19,9	21,8	20,0	22,3	20,8	21,9	20,5	SAMPLE
 391-06-30-03:59:19	21,6	19,9	21,6	20,0	22,1	20,8	21,8	20,5	SAMPLE
 391-06-30-03:59:49	21,9	19,9	21,7	20,0	22,2	20,8	21,9	20,5	SAMPLE
 391-06-30-04:00:19	22,6	19,9	22,4	20,0	22,9	20,8	22,3	20,6	SAMPLE
 391-06-30-04:00:49	23,7	20,0	23,6	20,0	24,1	20,8	23,1	20,5	SAMPLE
 391-06-30-04:01:19	25,2	20,0	25,3	20,0	25,9	20,8	24,4	20,5	SAMPLE
 391-06-30-04:01:49	27,1	20,2	27,3	20,0	27,8	20,8	26,0	20,5	SAMPLE
 391-06-30-04:02:20	29,1	20,4	29,6	20,1	30,1	20,9	27,6	20,6	SAMPLE
 391-06-30-04:02:50	31,4	20,6	31,9	20,3	32,3	21,1	29,5	20,8	SAMPLE
 391-06-30-04:03:20	33,7	21,0	34,3	20,5	34,7	21,3	31,5	20,9	SAMPLE
 391-06-30-04:03:50	35,8	21,4	36,4	20,7	36,8	21,5	33,4	21,1	SAMPLE
 391-06-30-04:04:20	37,7	21,8	38,5	20,9	38,7	21,9	35,3	21,3	SAMPLE
 391-06-30-04:04:50	39,4	22,2	40,2	21,2	40,5	22,2	36,9	21,6	SAMPLE
 391-06-30-04:05:20	40,9	22,7	41,8	21,5	41,9	22,7	38,4	22,0	SAMPLE
 391-06-30-04:05:50	42,3	23,1	43,3	21,8	43,2	23,1	40,0	22,3	SAMPLE
 391-06-30-04:06:20	43,6	23,6	44,6	22,1	44,5	23,6	41,3	22,7	SAMPLE
 391-06-30-04:06:50	44,8	24,1	45,8	22,6	45,6	24,0	42,5	23,0	SAMPLE
 391-06-30-04:07:20	45,8	24,6	46,9	22,9	46,8	24,5	43,6	23,5	SAMPLE
 391-06-30-04:07:50	46,8	25,1	47,8	23,3	47,7	24,9	44,6	23,9	SAMPLE
 391-06-30-04:08:20	47,6	25,6	48,5	23,8	48,4	25,4	45,3	24,4	SAMPLE
 391-06-30-04:08:50	48,2	26,1	49,1	24,2	49,1	25,9	46,0	24,9	SAMPLE
 391-06-30-04:09:21	49,0	26,6	50,0	24,7	49,8	26,4	46,7	25,3	SAMPLE
 391-06-30-04:09:51	49,7	27,1	50,7	25,1	50,4	26,9	47,5	25,8	SAMPLE
 391-06-30-04:10:21	50,4	27,7	51,3	25,6	51,1	27,4	48,1	26,3	SAMPLE
 391-06-30-04:10:51	50,9	28,3	51,9	26,1	51,6	28,0	48,7	26,8	SAMPLE
 391-06-30-04:11:21	51,4	28,9	52,3	26,6	52,0	28,5	49,2	27,3	SAMPLE
 391-06-30-04:11:51	51,8	29,6	52,7	27,2	52,5	29,2	49,7	27,9	SAMPLE
 391-06-30-04:12:21	52,2	30,4	53,2	27,9	53,0	30,1	50,1	28,6	SAMPLE
 391-06-30-04:12:51	52,7	31,2	53,7	28,5	53,4	30,9	50,5	29,4	SAMPLE
 391-06-30-04:13:21	53,1	32,0	54,1	29,3	53,9	31,8	51,1	30,1	SAMPLE
 391-06-30-04:13:51	53,4	32,9	54,5	30,1	54,2	32,8	51,3	30,9	SAMPLE
 391-06-30-04:14:21	53,7	33,7	54,7	30,9	54,4	33,7	51,6	31,8	SAMPLE
 391-06-30-04:14:51	54,0	34,6	54,9	31,7	54,6	34,7	51,9	32,7	SAMPLE
 391-06-30-04:15:21	54,2	35,4	55,3	32,5	54,9	35,6	52,2	33,6	SAMPLE
 391-06-30-04:15:51	54,6	36,2	55,6	33,3	55,1	36,5	52,5	34,4	SAMPLE
 391-06-30-04:16:21	54,9	37,1	55,9	34,1	55,4	37,3	52,8	35,3	SAMPLE
 391-06-30-04:16:52	55,2	37,8	56,2	35,0	55,6	38,2	53,1	36,2	SAMPLE
 391-06-30-04:17:22	55,2	38,7	56,3	35,7	55,6	38,8	53,2	37,0	SAMPLE
 391-06-30-04:17:52	55,3	39,3	56,3	36,5	55,7	39,8	53,4	37,8	SAMPLE
 391-06-30-04:18:22	55,5	40,0	56,5	37,2	55,9	40,5	53,6	38,5	SAMPLE
 391-06-30-04:18:52	55,8	40,7	56,9	37,9	56,2	41,3	53,8	39,3	SAMPLE
 391-06-30-04:19:22	56,0	41,4	57,1	38,6	56,4	41,8	54,1	40,0	SAMPLE
 391-06-30-04:19:52	56,1	42,0	57,2	39,3	56,5	42,5	54,3	40,8	SAMPLE
 391-06-30-04:20:22	56,2	42,6	57,3	39,9	56,5	43,1	54,5	41,4	SAMPLE
 391-06-30-04:20:52	56,3	43,1	57,3	40,6	56,5	43,7	54,5	42,0	SAMPLE
 391-06-30-04:21:22	56,4	43,5	57,3	41,1	56,6	44,2	54,6	42,6	SAMPLE
 391-06-30-04:21:52	56,5	44,0	57,4	41,7	56,6	44,5	54,8	43,1	SAMPLE
 391-06-30-04:22:22	56,6	44,4	57,6	42,1	56,8	44,8	55,0	43,6	SAMPLE
 391-06-30-04:22:52	56,7	44,8	57,7	42,6	56,8	45,2	55,0	44,0	SAMPLE
 391-06-30-04:23:23	56,8	45,2	57,7	43,1	56,9	45,6	55,2	44,4	SAMPLE
 391-06-30-04:23:53	56,9	45,7	57,8	43,5	57,0	45,9	55,3	44,8	SAMPLE
 391-06-30-04:24:23	57,0	46,0	58,0	43,9	57,2	46,3	55,4	45,1	SAMPLE
 391-06-30-04:24:53	57,1	46,4	58,0	44,4	57,2	46,5	55,6	45,5	SAMPLE
 391-06-30-04:25:23	57,2	46,7	58,1	44,8	57,2	46,8	55,6	45,9	SAMPLE
 391-06-30-04:25:53	57,2	47,0	58,1	45,1	57,2	47,1	55,7	46,2	SAMPLE
 391-06-30-04:26:23	57,2	47,2	58,2	45,5	57,2	47,4	55,8	46,6	SAMPLE
 391-06-30-04:26:53	57,3	47,5	58,2	45,8	57,3	47,6	55,9	46,8	SAMPLE
 391-06-30-04:27:23	57,3	47,7	58,2	46,2	57,3	47,8	56,0	47,1	SAMPLE
 391-06-30-04:27:53	57,3	48,0	58,2	46,4	57,3	48,0	56,0	47,3	SAMPLE
 391-06-30-04:28:23	57,3	48,2	58,2	46,7	57,3	48,2	56,1	47,6	SAMPLE
 391-06-30-04:28:53	57,4	48,5	58,3	47,0	57,3	48,5	56,1	47,8	SAMPLE
 391-06-30-04:29:24	57,3	48,6	58,3	47,2	57,3	48,5	56,1	48,0	SAMPLE
 391-06-30-04:29:54	57,4	48,7	58,4	47,4	57,3	48,7	56,2	48,2	SAMPLE
 391-06-30-04:30:24	57,5	48,8	58,4	47,6	57,4	48,7	56,4	48,3	SAMPLE
 391-06-30-04:30:54	57,5	48,9	58,4	47,7	57,3	48,8	56,4	48,5	SAMPLE
 391-06-30-04:31:24	57,5	49,1	58,4	47,9	57,3	48,8	56,4	48,6	SAMPLE
 391-06-30-04:31:54	57,5	49,1	58,4	48,0	57,3	48,9	56,5	48,7	SAMPLE
 391-06-30-04:32:24	57,5	49,1	58,4	48,2	57,3	49,0	56,5	48,8	SAMPLE
 391-06-30-04:32:54	57,5	49,2	58,4	48,3	57,4	49,0	56,5	48,8	SAMPLE
 391-06-30-04:33:24	57,6	49,4	58,4	48,4	57,4	49,1	56,6	48,9	SAMPLE
 391-06-30-04:33:54	57,6	49,5	58,4	48,5	57,4	49,3	56,6	49,0	SAMPLE
 391-06-30-04:34:24	57,6	49,6	58,4	48,7	57,4	49,3	56,6	49,2	SAMPLE
 391-06-30-04:34:54	57,6	49,7	58,4	48,8	57,5	49,5	56,6	49,3	SAMPLE
 391-06-30-04:35:24	57,6	49,8	58,4	48,9	57,5	49,6	56,6	49,4	SAMPLE
 391-06-30-04:35:55	57,7	49,8	58,6	49,1	57,6	49,6	56,8	49,5	SAMPLE
 391-06-30-04:36:25	57,8	49,9	58,7	49,2	57,6	49,6	56,8	49,6	SAMPLE
 391-06-30-04:36:55	57,8	50,0	58,7	49,3	57,6	49,7	56,8	49,6	SAMPLE
 391-06-30-04:37:25	57,8	50,1	58,7	49,4	57,6	49,7	56,8	49,7	SAMPLE
 391-06-30-04:37:55	57,7	50,1	58,6	49,4	57,6	49,7	56,8	49,7	SAMPLE
 391-06-30-04:38:25	57,6	50,1	58,6	49,5	57,6	49,8	56,8	49,7	SAMPLE
 391-06-30-04:38:55	57,6	50,0	58,6	49,5	57,6	49,7	56,8	49,7	SAMPLE
 391-06-30-04:39:25	57,6	50,1	58,5	49,6	57,6	49,7	56,7	49,8	SAMPLE
 391-06-30-04:39:55	57,6	50,0	58,6	49,6	57,6	49,7	56,8	49,7	SAMPLE
 391-06-30-04:40:25	57,7	50,1	58,7	49,6	57,6	49,7	56,8	49,7	SAMPLE
 391-06-30-04:40:55	57,7	50,2	58,7	49,6	57,8	49,7	56,8	49,8	SAMPLE
 391-06-30-04:41:25	57,8	50,3	58,7	49,7	57,8	49,8	56,9	49,8	SAMPLE
 391-06-30-04:41:55	57,8	50,4	58,7	49,8	57,8	49,9	57,0	50,0	SAMPLE
 391-06-30-04:42:26	57,8	50,4	58,7	49,8	57,8	50,0	57,0	50,0	SAMPLE
 391-06-30-04:42:56	57,8	50,5	58,8	49,8	57,8	50,0	57,0	50,0	SAMPLE
 391-06-30-04:43:26	57,8	50,5	58,8	50,0	57,8	50,0	57,0	50,1	SAMPLE
 391-06-30-04:43:56	57,8	50,4	58,7	50,0	57,8	50,1	57,0	50,2	SAMPLE
 391-06-30-04:44:26	57,8	50,5	58,7	50,0	57,8	50,0	57,0	50,2	SAMPLE
 391-06-30-04:44:56	57,8	50,4	58,7	50,0	57,7	50,1	57,0	50,2	SAMPLE
 391-06-30-04:45:26	57,8	50,4	58,7	50,0	57,7	50,0	56,9	50,2	SAMPLE
 391-06-30-04:45:56	57,7	50,5	58,7	50,0	57,6	50,0	56,9	50,2	SAMPLE
 391-06-30-04:46:26	57,8	50,4	58,7	50,0	57,7	50,0	57,0	50,1	SAMPLE
 391-06-30-04:46:56	57,8	50,5	58,7	50,0	57,8	50,0	57,0	50,2	SAMPLE
 391-06-30-04:47:26	57,8	50,6	58,8	50,0	57,8	50,1	57,0	50,2	SAMPLE
 391-06-30-04:47:56	57,9	50,6	58,9	50,1	57,9	50,3	57,0	50,2	SAMPLE
 391-06-30-04:48:26	58,0	50,7	58,9	50,2	57,9	50,2	57,1	50,3	SAMPLE
 391-06-30-04:48:56	57,9	50,7	58,9	50,2	57,8	50,3	57,1	50,4	SAMPLE
 391-06-30-04:49:26	57,9	50,7	58,9	50,2	57,8	50,3	57,1	50,4	SAMPLE
 391-06-30-04:49:57	58,0	50,7	58,9	50,2	57,9	50,3	57,2	50,4	SAMPLE
 391-06-30-04:50:27	58,0	50,8	59,0	50,2	58,0	50,3	57,2	50,4	SAMPLE
 391-06-30-04:50:57	58,0	50,7	59,0	50,2	57,9	50,3	57,2	50,4	SAMPLE
 391-06-30-04:51:27	58,1	50,7	59,0	50,2	58,0	50,3	57,2	50,4	SAMPLE
 391-06-30-04:51:57	58,1	50,8	59,1	50,2	58,1	50,4	57,3	50,4	SAMPLE
 391-06-30-04:52:27	58,3	50,8	59,2	50,2	58,3	50,5	57,3	50,5	SAMPLE
 391-06-30-04:52:57	58,3	51,0	59,3	50,3	58,3	50,6	57,5	50,5	SAMPLE
 391-06-30-04:53:27	58,4	51,1	59,3	50,4	58,4	50,7	57,5	50,6	SAMPLE
 391-06-30-04:53:57	58,3	51,1	59,3	50,4	58,4	50,7	57,5	50,7	SAMPLE
 391-06-30-04:54:27	58,3	51,2	59,3	50,6	58,3	50,8	57,5	50,8	SAMPLE
 391-06-30-04:54:57	58,3	51,2	59,3	50,5	58,3	50,8	57,5	50,9	SAMPLE
 391-06-30-04:55:27	58,3	51,2	59,2	50,6	58,2	50,9	57,5	50,9	SAMPLE
 391-06-30-04:55:57	58,3	51,2	59,3	50,5	58,3	50,9	57,5	50,9	SAMPLE
 391-06-30-04:56:28	58,2	51,1	59,2	50,4	58,2	50,8	57,4	50,9	SAMPLE
 391-06-30-04:56:58	58,1	51,0	59,2	50,5	58,1	50,8	57,4	50,9	SAMPLE
 391-06-30-04:57:28	58,2	51,0	59,2	50,6	58,2	50,7	57,4	50,8	SAMPLE
 391-06-30-04:57:58	58,3	51,0	59,3	50,4	58,3	50,6	57,4	50,7	SAMPLE
 391-06-30-04:58:28	58,3	51,0	59,3	50,4	58,3	50,7	57,5	50,7	SAMPLE
 391-06-30-04:58:58	58,3	50,8	59,3	50,4	58,4	50,5	57,6	50,6	SAMPLE
 391-06-30-04:59:28	58,5	51,0	59,5	50,4	58,5	50,5	57,7	50,6	SAMPLE
 391-06-30-04:59:58	58,6	51,1	59,5	50,5	58,6	50,6	57,8	50,6	SAMPLE
 391-06-30-05:00:28	58,7	51,2	59,6	50,5	58,7	50,7	57,8	50,7	SAMPLE
 391-06-30-05:00:58	58,7	51,3	59,6	50,6	58,7	50,9	57,9	50,9	SAMPLE
 391-06-30-05:01:28	58,7	51,3	59,6	50,7	58,7	51,0	57,8	50,9	SAMPLE
 391-06-30-05:01:58	58,6	51,4	59,5	50,7	58,6	51,1	57,8	51,1	SAMPLE
 391-06-30-05:02:28	58,6	51,4	59,5	50,9	58,5	51,1	57,8	51,1	SAMPLE
 391-06-30-05:02:58	58,6	51,4	59,6	50,7	58,6	51,2	57,8	51,1	SAMPLE
 391-06-30-05:03:29	58,8	51,5	59,7	50,9	58,7	51,2	57,9	51,2	SAMPLE
 391-06-30-05:03:59	58,8	51,6	59,7	50,8	58,8	51,3	57,9	51,3	SAMPLE
 391-06-30-05:04:29	58,8	51,7	59,7	51,0	58,8	51,4	57,9	51,3	SAMPLE
 391-06-30-05:04:59	58,8	51,7	59,7	51,1	58,7	51,5	57,9	51,4	SAMPLE
 391-06-30-05:05:29	58,7	51,8	59,7	51,1	58,7	51,6	57,8	51,4	SAMPLE
 391-06-30-05:05:59	58,7	51,8	59,6	51,3	58,6	51,5	57,8	51,5	SAMPLE
 391-06-30-05:06:29	58,7	51,8	59,7	51,2	58,7	51,6	57,9	51,5	SAMPLE
 391-06-30-05:06:59	58,7	51,7	59,6	51,2	58,6	51,5	57,9	51,5	SAMPLE
 391-06-30-05:07:29	58,8	51,7	59,7	51,2	58,7	51,5	57,9	51,5	SAMPLE
 391-06-30-05:07:59	58,8	51,7	59,7	51,3	58,7	51,3	58,0	51,4	SAMPLE
 391-06-30-05:08:29	58,9	51,7	59,8	51,2	58,8	51,4	58,1	51,4	SAMPLE
 391-06-30-05:08:59	58,9	51,8	59,8	51,2	58,9	51,6	58,1	51,5	SAMPLE
 391-06-30-05:09:29	58,9	51,8	59,8	51,3	58,8	51,6	58,1	51,6	SAMPLE
 391-06-30-05:10:00	58,8	51,9	59,7	51,4	58,7	51,7	58,1	51,7	SAMPLE
 391-06-30-05:10:30	58,8	52,0	59,7	51,5	58,8	51,8	58,1	51,7	SAMPLE
 391-06-30-05:11:00	58,9	52,0	59,7	51,6	58,8	51,8	58,1	51,8	SAMPLE
 391-06-30-05:11:30	58,9	52,0	59,8	51,5	58,8	51,8	58,1	51,8	SAMPLE
 391-06-30-05:12:00	58,8	51,9	59,8	51,5	58,8	51,8	58,1	51,8	SAMPLE
 391-06-30-05:12:30	58,8	52,0	59,7	51,6	58,7	51,8	58,1	51,8	SAMPLE
 391-06-30-05:13:00	58,8	51,9	59,7	51,5	58,7	51,8	58,0	51,8	SAMPLE
 391-06-30-05:13:30	58,8	51,8	59,7	51,5	58,7	51,6	58,1	51,7	SAMPLE
 391-06-30-05:14:00	58,9	51,9	59,8	51,5	58,9	51,7	58,1	51,7	SAMPLE
 391-06-30-05:14:30	59,0	52,0	59,8	51,7	58,9	51,8	58,1	51,7	SAMPLE
 391-06-30-05:15:00	58,8	52,1	59,7	51,7	58,7	51,8	58,0	51,8	SAMPLE
 391-06-30-05:15:30	59,2	52,2	60,1	51,7	59,2	52,0	58,3	51,9	SAMPLE
 391-06-30-05:16:01	59,9	52,3	61,0	51,8	60,1	52,1	58,9	52,0	SAMPLE
 391-06-30-05:16:31	61,1	52,5	62,1	51,9	61,3	52,3	60,1	52,1	SAMPLE
